>NCGRAAVBND	NCGRAAVBND	4.986990	-13865.968070	0	T:95367.0(35.84%),B:37704.7(21.70%),P:1e-6021
0.184	0.315	0.301	0.200
0.014	0.788	0.191	0.007
0.003	0.007	0.986	0.004
0.375	0.004	0.512	0.109
0.668	0.175	0.144	0.013
0.626	0.124	0.178	0.072
0.359	0.241	0.366	0.035
0.182	0.266	0.218	0.334
0.282	0.197	0.306	0.216
0.315	0.168	0.320	0.197
>CGCATGCGTA	CGCATGCGTA	7.432893	-3779.667240	0	T:23866.0(8.97%),B:8562.9(4.93%),P:1e-1641
0.160	0.771	0.040	0.029
0.125	0.010	0.834	0.031
0.061	0.907	0.031	0.001
0.648	0.132	0.190	0.030
0.084	0.172	0.134	0.610
0.001	0.037	0.918	0.044
0.014	0.895	0.021	0.070
0.016	0.078	0.876	0.030
0.003	0.315	0.050	0.632
0.507	0.080	0.169	0.244
>DAAAKGGCGG	DAAAKGGCGG	6.453545	-6762.076955	0	T:65188.0(24.50%),B:27388.7(15.76%),P:1e-2936
0.404	0.032	0.257	0.307
0.706	0.203	0.008	0.083
0.528	0.154	0.300	0.018
0.666	0.020	0.122	0.192
0.179	0.105	0.313	0.403
0.139	0.095	0.765	0.001
0.122	0.001	0.873	0.004
0.006	0.986	0.007	0.001
0.001	0.091	0.907	0.001
0.052	0.160	0.738	0.050
>CGTGACGTAA	CGTGACGTAA	4.769286	-5433.037529	0	T:44287.0(16.64%),B:17491.3(10.06%),P:1e-2359
0.124	0.599	0.160	0.117
0.083	0.157	0.657	0.103
0.163	0.204	0.152	0.481
0.098	0.173	0.569	0.160
0.619	0.126	0.119	0.136
0.083	0.731	0.156	0.030
0.028	0.157	0.663	0.152
0.171	0.165	0.168	0.496
0.562	0.148	0.160	0.130
0.625	0.129	0.152	0.094
>CGDCCAATCR	CGDCCAATCR	6.460077	-6651.004636	0	T:27755.0(10.43%),B:8540.1(4.91%),P:1e-2888
0.108	0.485	0.153	0.253
0.291	0.148	0.506	0.055
0.349	0.112	0.318	0.221
0.001	0.997	0.001	0.001
0.001	0.891	0.107	0.001
0.912	0.001	0.001	0.086
0.997	0.001	0.001	0.001
0.080	0.001	0.001	0.918
0.271	0.447	0.201	0.081
0.447	0.106	0.446	0.001
>TCGCGAGAGA	TCGCGAGAGA	4.833908	-3739.755723	0	T:83984.0(31.56%),B:42003.1(24.17%),P:1e-1624
0.100	0.130	0.140	0.630
0.108	0.714	0.093	0.085
0.075	0.117	0.718	0.090
0.103	0.753	0.083	0.061
0.063	0.075	0.793	0.069
0.689	0.127	0.104	0.080
0.112	0.101	0.693	0.094
0.695	0.079	0.109	0.117
0.109	0.120	0.643	0.128
0.674	0.095	0.123	0.108
>GGCGGAGTAA	GGCGGAGTAA	5.577532	-3652.479478	0	T:61121.0(22.97%),B:28735.6(16.53%),P:1e-1586
0.089	0.111	0.699	0.101
0.064	0.127	0.721	0.088
0.079	0.869	0.029	0.023
0.054	0.146	0.797	0.003
0.004	0.159	0.769	0.068
0.632	0.106	0.155	0.107
0.109	0.176	0.628	0.087
0.119	0.118	0.129	0.634
0.621	0.089	0.111	0.179
0.637	0.153	0.128	0.082
